----------------------------------
Rule 1 is first+last+bdate.
Rule 2 is bdate+ssn.
Rule 3 is last+ssn.
Rule 4 is Soundex(first)+Soundex(last)+ssn.
----------------------------------
linkage 
ID A(index)  ID B(index)

0(0) <--> 1(1)
1(1) <--> 2(2)
9(9) <--> 12(12)
10(10) <--> 13(13)
11(11) <--> 14(14)
12(12) <--> 15(15)
13(13) <--> 16(16)
14(14) <--> 17(17)
15(15) <--> 18(18)
16(16) <--> 19(19)
17(17) <--> 20(20)
18(18) <--> 21(21)
19(19) <--> 22(22)
20(20) <--> 23(23)
21(21) <--> 24(24)
22(22) <--> 25(25)
23(23) <--> 26(26)
24(24) <--> 27(27)
25(25) <--> 28(28)
26(26) <--> 29(29)
27(27) <--> 30(30)
28(28) <--> 31(31)
29(29) <--> 32(32)
30(30) <--> 33(33)
31(31) <--> 34(34)
32(32) <--> 35(35)
33(33) <--> 36(36)
34(34) <--> 37(37)
35(35) <--> 38(38)
36(36) <--> 39(39)
37(37) <--> 40(40)
38(38) <--> 41(41)
39(39) <--> 42(42)
40(40) <--> 43(43)
41(41) <--> 44(44)
42(42) <--> 45(45)
43(43) <--> 46(46)
44(44) <--> 47(47)
45(45) <--> 48(48)
46(46) <--> 49(49)
47(47) <--> 50(50)
48(48) <--> 51(51)
49(49) <--> 52(52)
50(50) <--> 53(53)
51(51) <--> 54(54)
52(52) <--> 55(55)
53(53) <--> 56(56)
54(54) <--> 58(58)
55(55) <--> 59(59)
56(56) <--> 60(60)
57(57) <--> 65(65)
58(58) <--> 61(61)
59(59) <--> 62(62)
60(60) <--> 63(63)
61(61) <--> 64(64)
62(62) <--> 66(66)
63(63) <--> 67(67)
64(64) <--> 68(68)
65(65) <--> 69(69)
66(66) <--> 70(70)
67(67) <--> 71(71)
68(68) <--> 72(72)
69(69) <--> 73(73)
70(70) <--> 57(57)
71(71) <--> 74(74)
72(72) <--> 75(75)
73(73) <--> 76(76)
74(74) <--> 77(77)
75(75) <--> 78(78)
76(76) <--> 79(79)
77(77) <--> 80(80)
78(78) <--> 81(81)
79(79) <--> 82(82)
80(80) <--> 83(83)
81(81) <--> 84(84)
82(82) <--> 85(85)
83(83) <--> 86(86)
84(84) <--> 87(87)
85(85) <--> 88(88)
86(86) <--> 89(89)
87(87) <--> 90(90)
88(88) <--> 91(91)
89(89) <--> 92(92)
90(90) <--> 93(93)
91(91) <--> 94(94)
92(92) <--> 95(95)
93(93) <--> 96(96)
94(94) <--> 97(97)
95(95) <--> 98(98)
96(96) <--> 99(99)
97(97) <--> 100(100)
98(98) <--> 101(101)
99(99) <--> 102(102)
100(100) <--> 103(103)
101(101) <--> 104(104)
102(102) <--> 105(105)
103(103) <--> 106(106)
104(104) <--> 107(107)
105(105) <--> 108(108)
106(106) <--> 109(109)
107(107) <--> 110(110)
108(108) <--> 111(111)
109(109) <--> 112(112)
110(110) <--> 113(113)
111(111) <--> 114(114)
112(112) <--> 115(115)
113(113) <--> 116(116)
114(114) <--> 117(117)
115(115) <--> 118(118)
116(116) <--> 119(119)
117(117) <--> 120(120)
118(118) <--> 121(121)
119(119) <--> 122(122)
120(120) <--> 123(123)
121(121) <--> 124(124)
122(122) <--> 125(125)
123(123) <--> 126(126)
124(124) <--> 127(127)
125(125) <--> 128(128)
126(126) <--> 129(129)
127(127) <--> 130(130)
128(128) <--> 131(131)
129(129) <--> 132(132)
130(130) <--> 133(133)
131(131) <--> 134(134)
132(132) <--> 135(135)
133(133) <--> 136(136)
134(134) <--> 137(137)
135(135) <--> 138(138)
136(136) <--> 139(139)
137(137) <--> 140(140)
138(138) <--> 141(141)
139(139) <--> 142(142)
140(140) <--> 143(143)
141(141) <--> 144(144)
142(142) <--> 145(145)
143(143) <--> 146(146)
144(144) <--> 147(147)
145(145) <--> 148(148)
146(146) <--> 149(149)
147(147) <--> 150(150)
148(148) <--> 151(151)
149(149) <--> 152(152)
150(150) <--> 153(153)
151(151) <--> 154(154)
152(152) <--> 155(155)
153(153) <--> 156(156)
154(154) <--> 157(157)
155(155) <--> 158(158)
156(156) <--> 159(159)
157(157) <--> 160(160)
158(158) <--> 161(161)
159(159) <--> 162(162)
160(160) <--> 163(163)
161(161) <--> 164(164)
162(162) <--> 165(165)
163(163) <--> 166(166)
164(164) <--> 168(168)
165(165) <--> 169(169)
166(166) <--> 170(170)
167(167) <--> 171(171)
168(168) <--> 172(172)
169(169) <--> 173(173)
170(170) <--> 174(174)
171(171) <--> 175(175)
172(172) <--> 176(176)
173(173) <--> 177(177)
174(174) <--> 178(178)
175(175) <--> 179(179)
176(176) <--> 180(180)
177(177) <--> 181(181)
178(178) <--> 182(182)
179(179) <--> 183(183)
180(180) <--> 184(184)
181(181) <--> 185(185)
182(182) <--> 186(186)
183(183) <--> 187(187)
184(184) <--> 188(188)
185(185) <--> 189(189)
186(186) <--> 190(190)
187(187) <--> 191(191)
188(188) <--> 192(192)
189(189) <--> 193(193)
190(190) <--> 194(194)
191(191) <--> 195(195)
192(192) <--> 196(196)
193(193) <--> 197(197)
194(194) <--> 198(198)
195(195) <--> 199(199)
196(196) <--> 200(200)
197(197) <--> 201(201)
198(198) <--> 202(202)
199(199) <--> 203(203)
200(200) <--> 204(204)
201(201) <--> 205(205)
202(202) <--> 206(206)
203(203) <--> 207(207)
204(204) <--> 208(208)
205(205) <--> 209(209)
206(206) <--> 210(210)
207(207) <--> 211(211)
208(208) <--> 212(212)
209(209) <--> 213(213)
210(210) <--> 214(214)
211(211) <--> 215(215)
212(212) <--> 216(216)
213(213) <--> 217(217)
214(214) <--> 218(218)
215(215) <--> 219(219)
216(216) <--> 220(220)
217(217) <--> 245(245)
218(218) <--> 246(246)
219(219) <--> 247(247)
220(220) <--> 248(248)
221(221) <--> 249(249)
222(222) <--> 223(223)
223(223) <--> 224(224)
224(224) <--> 225(225)
225(225) <--> 226(226)
226(226) <--> 227(227)
227(227) <--> 228(228)
228(228) <--> 229(229)
229(229) <--> 230(230)
230(230) <--> 231(231)
231(231) <--> 232(232)
232(232) <--> 233(233)
233(233) <--> 234(234)
234(234) <--> 235(235)
235(235) <--> 236(236)
236(236) <--> 237(237)
237(237) <--> 238(238)
238(238) <--> 239(239)
239(239) <--> 240(240)
240(240) <--> 241(241)
241(241) <--> 242(242)
242(242) <--> 243(243)
243(243) <--> 244(244)
244(244) <--> 276(276)
245(245) <--> 277(277)
246(246) <--> 250(250)
247(247) <--> 251(251)
248(248) <--> 252(252)
249(249) <--> 253(253)
250(250) <--> 254(254)
251(251) <--> 255(255)
252(252) <--> 256(256)
253(253) <--> 257(257)
254(254) <--> 258(258)
255(255) <--> 259(259)
256(256) <--> 260(260)
257(257) <--> 261(261)
258(258) <--> 262(262)
259(259) <--> 263(263)
260(260) <--> 264(264)
261(261) <--> 265(265)
262(262) <--> 266(266)
263(263) <--> 267(267)
264(264) <--> 268(268)
265(265) <--> 269(269)
266(266) <--> 270(270)
267(267) <--> 271(271)
268(268) <--> 272(272)
269(269) <--> 273(273)
270(270) <--> 274(274)
271(271) <--> 275(275)
272(272) <--> 221(221)
273(273) <--> 222(222)
274(274) <--> 278(278)
275(275) <--> 279(279)
276(276) <--> 280(280)
277(277) <--> 281(281)
278(278) <--> 282(282)
279(279) <--> 283(283)
280(280) <--> 284(284)
281(281) <--> 285(285)
282(282) <--> 286(286)
283(283) <--> 287(287)
284(284) <--> 288(288)
285(285) <--> 289(289)
286(286) <--> 290(290)
287(287) <--> 291(291)
288(288) <--> 292(292)
289(289) <--> 293(293)
290(290) <--> 294(294)
291(291) <--> 295(295)
292(292) <--> 296(296)
293(293) <--> 297(297)
294(294) <--> 298(298)
295(295) <--> 299(299)
296(296) <--> 300(300)
297(297) <--> 301(301)
298(298) <--> 302(302)
299(299) <--> 303(303)
300(300) <--> 304(304)
301(301) <--> 305(305)
302(302) <--> 306(306)
303(303) <--> 307(307)
304(304) <--> 308(308)
305(305) <--> 309(309)
306(306) <--> 310(310)
307(307) <--> 311(311)
308(308) <--> 312(312)
309(309) <--> 313(313)
310(310) <--> 314(314)
311(311) <--> 315(315)
312(312) <--> 316(316)
313(313) <--> 317(317)
314(314) <--> 318(318)
315(315) <--> 319(319)
316(316) <--> 320(320)
317(317) <--> 321(321)
318(318) <--> 322(322)
319(319) <--> 323(323)
320(320) <--> 324(324)
321(321) <--> 325(325)
322(322) <--> 326(326)
323(323) <--> 327(327)
324(324) <--> 328(328)
325(325) <--> 329(329)
326(326) <--> 330(330)
327(327) <--> 331(331)
328(328) <--> 332(332)
329(329) <--> 333(333)
330(330) <--> 334(334)
331(331) <--> 335(335)
332(332) <--> 336(336)
333(333) <--> 337(337)
334(334) <--> 338(338)
335(335) <--> 339(339)
336(336) <--> 340(340)
337(337) <--> 341(341)
338(338) <--> 342(342)
339(339) <--> 343(343)
340(340) <--> 344(344)
341(341) <--> 345(345)
342(342) <--> 346(346)
343(343) <--> 347(347)
344(344) <--> 348(348)
345(345) <--> 349(349)
346(346) <--> 350(350)
347(347) <--> 351(351)
348(348) <--> 352(352)
349(349) <--> 353(353)
350(350) <--> 354(354)
351(351) <--> 355(355)
352(352) <--> 356(356)
353(353) <--> 357(357)
354(354) <--> 358(358)
355(355) <--> 359(359)
356(356) <--> 360(360)
357(357) <--> 361(361)
358(358) <--> 362(362)
359(359) <--> 363(363)
360(360) <--> 364(364)
361(361) <--> 365(365)
362(362) <--> 366(366)
363(363) <--> 367(367)
364(364) <--> 368(368)
365(365) <--> 369(369)
366(366) <--> 370(370)
367(367) <--> 371(371)
368(368) <--> 372(372)
369(369) <--> 373(373)
370(370) <--> 374(374)
371(371) <--> 375(375)
372(372) <--> 376(376)
373(373) <--> 377(377)
374(374) <--> 378(378)
375(375) <--> 379(379)
376(376) <--> 380(380)
377(377) <--> 381(381)
378(378) <--> 382(382)
379(379) <--> 383(383)
380(380) <--> 384(384)
381(381) <--> 385(385)
382(382) <--> 386(386)
383(383) <--> 387(387)
384(384) <--> 388(388)
385(385) <--> 389(389)
386(386) <--> 390(390)
387(387) <--> 391(391)
388(388) <--> 392(392)
389(389) <--> 393(393)
390(390) <--> 394(394)
391(391) <--> 395(395)
392(392) <--> 396(396)
393(393) <--> 397(397)
394(394) <--> 398(398)
395(395) <--> 399(399)
396(396) <--> 400(400)
397(397) <--> 401(401)
398(398) <--> 402(402)
399(399) <--> 403(403)
400(400) <--> 404(404)
401(401) <--> 405(405)
402(402) <--> 406(406)
403(403) <--> 407(407)
404(404) <--> 408(408)
405(405) <--> 409(409)
406(406) <--> 410(410)
407(407) <--> 411(411)
408(408) <--> 412(412)
409(409) <--> 413(413)
410(410) <--> 414(414)
411(411) <--> 415(415)
412(412) <--> 416(416)
413(413) <--> 417(417)
414(414) <--> 418(418)
415(415) <--> 419(419)
416(416) <--> 420(420)
417(417) <--> 421(421)
418(418) <--> 422(422)
419(419) <--> 423(423)
420(420) <--> 424(424)
421(421) <--> 425(425)
422(422) <--> 426(426)
423(423) <--> 427(427)
424(424) <--> 428(428)
425(425) <--> 429(429)
426(426) <--> 430(430)
427(427) <--> 431(431)
428(428) <--> 432(432)
429(429) <--> 433(433)
430(430) <--> 434(434)
431(431) <--> 435(435)
432(432) <--> 436(436)
433(433) <--> 437(437)
434(434) <--> 438(438)
435(435) <--> 439(439)
436(436) <--> 440(440)
437(437) <--> 441(441)
438(438) <--> 442(442)
439(439) <--> 443(443)
440(440) <--> 444(444)
441(441) <--> 445(445)
442(442) <--> 446(446)
443(443) <--> 447(447)
444(444) <--> 448(448)
445(445) <--> 449(449)
446(446) <--> 450(450)
447(447) <--> 451(451)
448(448) <--> 452(452)
449(449) <--> 453(453)
450(450) <--> 454(454)
451(451) <--> 455(455)
452(452) <--> 456(456)
453(453) <--> 457(457)
454(454) <--> 458(458)
455(455) <--> 459(459)
456(456) <--> 460(460)
457(457) <--> 461(461)
458(458) <--> 462(462)
459(459) <--> 463(463)
460(460) <--> 464(464)
461(461) <--> 465(465)
462(462) <--> 466(466)
463(463) <--> 467(467)
464(464) <--> 167(167)
465(465) <--> 468(468)
466(466) <--> 469(469)
467(467) <--> 470(470)
468(468) <--> 471(471)
469(469) <--> 485(485)
470(470) <--> 486(486)
471(471) <--> 487(487)
472(472) <--> 488(488)
473(473) <--> 517(517)
474(474) <--> 474(474)
475(475) <--> 475(475)
476(476) <--> 476(476)
477(477) <--> 477(477)
478(478) <--> 478(478)
479(479) <--> 479(479)
480(480) <--> 480(480)
481(481) <--> 481(481)
482(482) <--> 482(482)
483(483) <--> 483(483)
484(484) <--> 484(484)
485(485) <--> 520(520)
486(486) <--> 489(489)
487(487) <--> 490(490)
488(488) <--> 491(491)
489(489) <--> 492(492)
490(490) <--> 493(493)
491(491) <--> 494(494)
492(492) <--> 495(495)
493(493) <--> 496(496)
494(494) <--> 497(497)
495(495) <--> 498(498)
496(496) <--> 499(499)
497(497) <--> 500(500)
498(498) <--> 501(501)
499(499) <--> 502(502)
500(500) <--> 503(503)
501(501) <--> 504(504)
502(502) <--> 505(505)
503(503) <--> 506(506)
504(504) <--> 507(507)
505(505) <--> 508(508)
506(506) <--> 509(509)
507(507) <--> 510(510)
508(508) <--> 511(511)
509(509) <--> 512(512)
510(510) <--> 513(513)
511(511) <--> 514(514)
512(512) <--> 515(515)
513(513) <--> 516(516)
514(514) <--> 518(518)
515(515) <--> 519(519)
516(516) <--> 472(472)
517(517) <--> 473(473)
518(518) <--> 521(521)
519(519) <--> 522(522)
520(520) <--> 523(523)
521(521) <--> 524(524)
522(522) <--> 525(525)
523(523) <--> 526(526)
524(524) <--> 527(527)
525(525) <--> 528(528)
526(526) <--> 529(529)
527(527) <--> 530(530)
528(528) <--> 531(531)
529(529) <--> 532(532)
530(530) <--> 533(533)
531(531) <--> 534(534)
532(532) <--> 535(535)
533(533) <--> 536(536)
534(534) <--> 537(537)
535(535) <--> 538(538)
536(536) <--> 539(539)
537(537) <--> 540(540)
538(538) <--> 541(541)
539(539) <--> 542(542)
540(540) <--> 543(543)
541(541) <--> 544(544)
542(542) <--> 545(545)
543(543) <--> 546(546)
544(544) <--> 547(547)
545(545) <--> 548(548)
546(546) <--> 549(549)
547(547) <--> 550(550)
548(548) <--> 551(551)
549(549) <--> 552(552)
550(550) <--> 553(553)
551(551) <--> 554(554)
552(552) <--> 555(555)
553(553) <--> 556(556)
554(554) <--> 557(557)
555(555) <--> 558(558)
556(556) <--> 559(559)
557(557) <--> 560(560)
558(558) <--> 561(561)
559(559) <--> 562(562)
560(560) <--> 563(563)
561(561) <--> 564(564)
562(562) <--> 565(565)
563(563) <--> 566(566)
564(564) <--> 568(568)
565(565) <--> 569(569)
566(566) <--> 570(570)
567(567) <--> 571(571)
568(568) <--> 572(572)
570(570) <--> 573(573)
571(571) <--> 574(574)
572(572) <--> 575(575)
573(573) <--> 576(576)
574(574) <--> 577(577)
575(575) <--> 578(578)
576(576) <--> 579(579)
577(577) <--> 580(580)
578(578) <--> 581(581)
579(579) <--> 582(582)
580(580) <--> 583(583)
581(581) <--> 584(584)
582(582) <--> 585(585)
583(583) <--> 586(586)
584(584) <--> 587(587)
585(585) <--> 588(588)
586(586) <--> 589(589)
587(587) <--> 590(590)
588(588) <--> 591(591)
589(589) <--> 592(592)
590(590) <--> 593(593)
591(591) <--> 594(594)
592(592) <--> 595(595)
593(593) <--> 596(596)
594(594) <--> 597(597)
595(595) <--> 598(598)
596(596) <--> 599(599)
597(597) <--> 600(600)
598(598) <--> 601(601)
599(599) <--> 602(602)
600(600) <--> 603(603)
601(601) <--> 604(604)
602(602) <--> 605(605)
603(603) <--> 606(606)
604(604) <--> 567(567)
605(605) <--> 607(607)
606(606) <--> 608(608)
607(607) <--> 609(609)
608(608) <--> 610(610)
609(609) <--> 611(611)
610(610) <--> 612(612)
611(611) <--> 613(613)
612(612) <--> 614(614)
613(613) <--> 615(615)
614(614) <--> 616(616)
615(615) <--> 617(617)
616(616) <--> 618(618)
617(617) <--> 619(619)
618(618) <--> 620(620)
619(619) <--> 621(621)
620(620) <--> 622(622)
621(621) <--> 623(623)
622(622) <--> 624(624)
623(623) <--> 625(625)
624(624) <--> 626(626)
625(625) <--> 627(627)
626(626) <--> 628(628)
627(627) <--> 629(629)
628(628) <--> 630(630)
629(629) <--> 631(631)
630(630) <--> 632(632)
631(631) <--> 633(633)
632(632) <--> 634(634)
633(633) <--> 635(635)
634(634) <--> 636(636)
635(635) <--> 637(637)
636(636) <--> 638(638)
637(637) <--> 639(639)
638(638) <--> 640(640)
639(639) <--> 641(641)
640(640) <--> 642(642)
641(641) <--> 643(643)
642(642) <--> 644(644)
643(643) <--> 646(646)
644(644) <--> 647(647)
645(645) <--> 648(648)
646(646) <--> 649(649)
647(647) <--> 650(650)
648(648) <--> 651(651)
649(649) <--> 652(652)
650(650) <--> 653(653)
651(651) <--> 654(654)
652(652) <--> 655(655)
653(653) <--> 656(656)
654(654) <--> 657(657)
655(655) <--> 658(658)
656(656) <--> 659(659)
657(657) <--> 660(660)
658(658) <--> 661(661)
659(659) <--> 662(662)
660(660) <--> 663(663)
661(661) <--> 664(664)
662(662) <--> 665(665)
663(663) <--> 666(666)
664(664) <--> 667(667)
665(665) <--> 668(668)
666(666) <--> 669(669)
667(667) <--> 670(670)
668(668) <--> 671(671)
669(669) <--> 672(672)
670(670) <--> 673(673)
671(671) <--> 674(674)
672(672) <--> 675(675)
673(673) <--> 679(679)
674(674) <--> 680(680)
675(675) <--> 681(681)
676(676) <--> 682(682)
677(677) <--> 683(683)
678(678) <--> 678(678)
679(679) <--> 767(767)
680(680) <--> 768(768)
681(681) <--> 769(769)
682(682) <--> 684(684)
683(683) <--> 685(685)
684(684) <--> 686(686)
685(685) <--> 687(687)
686(686) <--> 688(688)
687(687) <--> 689(689)
688(688) <--> 690(690)
689(689) <--> 691(691)
690(690) <--> 692(692)
691(691) <--> 693(693)
692(692) <--> 694(694)
693(693) <--> 695(695)
694(694) <--> 696(696)
695(695) <--> 697(697)
696(696) <--> 698(698)
697(697) <--> 699(699)
698(698) <--> 700(700)
699(699) <--> 701(701)
700(700) <--> 702(702)
701(701) <--> 703(703)
702(702) <--> 704(704)
704(704) <--> 705(705)
705(705) <--> 706(706)
706(706) <--> 707(707)
707(707) <--> 708(708)
708(708) <--> 709(709)
709(709) <--> 710(710)
710(710) <--> 711(711)
711(711) <--> 712(712)
712(712) <--> 713(713)
713(713) <--> 714(714)
714(714) <--> 715(715)
715(715) <--> 716(716)
716(716) <--> 717(717)
717(717) <--> 718(718)
718(718) <--> 719(719)
719(719) <--> 720(720)
720(720) <--> 721(721)
721(721) <--> 722(722)
722(722) <--> 723(723)
723(723) <--> 724(724)
724(724) <--> 725(725)
725(725) <--> 726(726)
726(726) <--> 727(727)
727(727) <--> 728(728)
728(728) <--> 729(729)
729(729) <--> 730(730)
730(730) <--> 731(731)
731(731) <--> 732(732)
732(732) <--> 733(733)
733(733) <--> 734(734)
734(734) <--> 735(735)
735(735) <--> 736(736)
736(736) <--> 737(737)
737(737) <--> 738(738)
738(738) <--> 739(739)
739(739) <--> 740(740)
740(740) <--> 741(741)
741(741) <--> 742(742)
742(742) <--> 743(743)
743(743) <--> 744(744)
744(744) <--> 745(745)
745(745) <--> 746(746)
746(746) <--> 747(747)
747(747) <--> 748(748)
748(748) <--> 749(749)
749(749) <--> 750(750)
750(750) <--> 751(751)
751(751) <--> 752(752)
752(752) <--> 753(753)
753(753) <--> 754(754)
754(754) <--> 755(755)
755(755) <--> 756(756)
756(756) <--> 757(757)
757(757) <--> 758(758)
758(758) <--> 759(759)
759(759) <--> 760(760)
760(760) <--> 761(761)
761(761) <--> 762(762)
762(762) <--> 763(763)
763(763) <--> 764(764)
764(764) <--> 765(765)
765(765) <--> 766(766)
766(766) <--> 676(676)
767(767) <--> 677(677)
768(768) <--> 770(770)
769(769) <--> 771(771)
770(770) <--> 772(772)
771(771) <--> 773(773)
772(772) <--> 774(774)
773(773) <--> 775(775)
774(774) <--> 776(776)
775(775) <--> 777(777)
776(776) <--> 778(778)
777(777) <--> 779(779)
778(778) <--> 780(780)
779(779) <--> 781(781)
780(780) <--> 782(782)
781(781) <--> 783(783)
782(782) <--> 784(784)
783(783) <--> 785(785)
784(784) <--> 786(786)
785(785) <--> 787(787)
786(786) <--> 788(788)
787(787) <--> 789(789)
788(788) <--> 790(790)
789(789) <--> 791(791)
790(790) <--> 792(792)
791(791) <--> 793(793)
792(792) <--> 794(794)
793(793) <--> 795(795)
794(794) <--> 796(796)
795(795) <--> 797(797)
796(796) <--> 798(798)
797(797) <--> 799(799)
798(798) <--> 800(800)
799(799) <--> 801(801)
800(800) <--> 802(802)
801(801) <--> 803(803)
802(802) <--> 804(804)
803(803) <--> 805(805)
804(804) <--> 806(806)
805(805) <--> 807(807)
806(806) <--> 808(808)
807(807) <--> 809(809)
808(808) <--> 810(810)
809(809) <--> 811(811)
810(810) <--> 812(812)
811(811) <--> 813(813)
812(812) <--> 814(814)
813(813) <--> 815(815)
814(814) <--> 816(816)
815(815) <--> 817(817)
816(816) <--> 818(818)
817(817) <--> 819(819)
818(818) <--> 820(820)
819(819) <--> 821(821)
820(820) <--> 822(822)
821(821) <--> 823(823)
822(822) <--> 824(824)
823(823) <--> 825(825)
824(824) <--> 826(826)
825(825) <--> 827(827)
826(826) <--> 828(828)
827(827) <--> 829(829)
828(828) <--> 830(830)
829(829) <--> 831(831)
830(830) <--> 832(832)
831(831) <--> 833(833)
832(832) <--> 834(834)
833(833) <--> 835(835)
834(834) <--> 836(836)
835(835) <--> 837(837)
836(836) <--> 838(838)
837(837) <--> 839(839)
838(838) <--> 840(840)
839(839) <--> 841(841)
840(840) <--> 842(842)
841(841) <--> 843(843)
842(842) <--> 844(844)
843(843) <--> 845(845)
844(844) <--> 846(846)
845(845) <--> 847(847)
846(846) <--> 848(848)
847(847) <--> 849(849)
848(848) <--> 850(850)
849(849) <--> 851(851)
850(850) <--> 852(852)
851(851) <--> 853(853)
852(852) <--> 854(854)
853(853) <--> 855(855)
854(854) <--> 856(856)
855(855) <--> 857(857)
856(856) <--> 858(858)
857(857) <--> 859(859)
858(858) <--> 860(860)
859(859) <--> 861(861)
860(860) <--> 862(862)
861(861) <--> 863(863)
862(862) <--> 864(864)
863(863) <--> 865(865)
864(864) <--> 866(866)
865(865) <--> 867(867)
866(866) <--> 868(868)
867(867) <--> 869(869)
868(868) <--> 870(870)
869(869) <--> 871(871)
870(870) <--> 872(872)
871(871) <--> 873(873)
872(872) <--> 874(874)
873(873) <--> 875(875)
874(874) <--> 876(876)
875(875) <--> 877(877)
876(876) <--> 878(878)
877(877) <--> 879(879)
878(878) <--> 880(880)
879(879) <--> 881(881)
880(880) <--> 882(882)
881(881) <--> 883(883)
882(882) <--> 884(884)
883(883) <--> 885(885)
884(884) <--> 886(886)
885(885) <--> 887(887)
886(886) <--> 888(888)
887(887) <--> 889(889)
888(888) <--> 890(890)
889(889) <--> 891(891)
890(890) <--> 892(892)
891(891) <--> 893(893)
892(892) <--> 894(894)
893(893) <--> 895(895)
894(894) <--> 896(896)
895(895) <--> 897(897)
896(896) <--> 898(898)
897(897) <--> 899(899)
898(898) <--> 900(900)
899(899) <--> 901(901)
900(900) <--> 902(902)
901(901) <--> 903(903)
902(902) <--> 904(904)
903(903) <--> 905(905)
904(904) <--> 906(906)
905(905) <--> 907(907)
906(906) <--> 908(908)
907(907) <--> 909(909)
908(908) <--> 910(910)
909(909) <--> 911(911)
910(910) <--> 912(912)
911(911) <--> 913(913)
912(912) <--> 914(914)
913(913) <--> 915(915)
914(914) <--> 916(916)
915(915) <--> 917(917)
916(916) <--> 918(918)
917(917) <--> 919(919)
918(918) <--> 920(920)
919(919) <--> 921(921)
920(920) <--> 922(922)
921(921) <--> 923(923)
922(922) <--> 924(924)
923(923) <--> 925(925)
924(924) <--> 926(926)
925(925) <--> 927(927)
926(926) <--> 928(928)
927(927) <--> 929(929)
928(928) <--> 930(930)
929(929) <--> 931(931)
930(930) <--> 932(932)
931(931) <--> 933(933)
932(932) <--> 934(934)
933(933) <--> 935(935)
934(934) <--> 936(936)
935(935) <--> 937(937)
936(936) <--> 938(938)
937(937) <--> 939(939)
938(938) <--> 940(940)
939(939) <--> 941(941)
940(940) <--> 942(942)
941(941) <--> 943(943)
942(942) <--> 944(944)
943(943) <--> 945(945)
944(944) <--> 946(946)
945(945) <--> 958(958)
946(946) <--> 959(959)
947(947) <--> 960(960)
948(948) <--> 961(961)
949(949) <--> 949(949)
950(950) <--> 950(950)
951(951) <--> 951(951)
952(952) <--> 952(952)
953(953) <--> 953(953)
954(954) <--> 954(954)
955(955) <--> 955(955)
956(956) <--> 956(956)
957(957) <--> 957(957)
959(959) <--> 962(962)
960(960) <--> 963(963)
961(961) <--> 964(964)
962(962) <--> 965(965)
963(963) <--> 966(966)
964(964) <--> 967(967)
965(965) <--> 968(968)
966(966) <--> 969(969)
967(967) <--> 970(970)
968(968) <--> 971(971)
969(969) <--> 972(972)
970(970) <--> 973(973)
971(971) <--> 974(974)
972(972) <--> 975(975)
973(973) <--> 976(976)
974(974) <--> 977(977)
975(975) <--> 978(978)
976(976) <--> 979(979)
977(977) <--> 980(980)
978(978) <--> 981(981)
979(979) <--> 982(982)
980(980) <--> 983(983)
981(981) <--> 984(984)
982(982) <--> 985(985)
983(983) <--> 986(986)
984(984) <--> 987(987)
985(985) <--> 988(988)
986(986) <--> 989(989)
987(987) <--> 990(990)
988(988) <--> 991(991)
989(989) <--> 992(992)
990(990) <--> 993(993)
991(991) <--> 994(994)
992(992) <--> 995(995)
993(993) <--> 996(996)
994(994) <--> 997(997)
995(995) <--> 998(998)
996(996) <--> 999(999)
The number of final matches records: 987.
-----------------------------------
